#1,2,3,4,5,6,7,8
0,2.1,1.3,2.2,1.8,2.0,1.6,1.9
2.1,0,1.6,2.9,3.8,4.0,3.6,2.5
1.3,1.6,0,1.7,3.8,4.0,3.6,2.5
2.2,2.9,1.7,0,4.6,5.3,2.9,4.3
1.8,3.3,3.8,4.6,0,1.6,1.2,2.7
2.0,3.6,4.0,5.3,1.6,0,1.7,1.4
1.6,3.1,3.6,2.9,1.2,1.7,0,2.3
1.9,2.1,2.5,4.3,2.7,1.4,2.3,0
